4000 3000
torch.Size([1, 3, 512, 512])
1199 1180
torch.Size([1, 3, 512, 512])
{'relu1_2': tensor([[[[0.0000, 0.0000, 0.0000,  ..., 1.7200, 1.4746, 0.7418],
          [2.8644, 1.2520, 0.8291,  ..., 1.2869, 1.1063, 0.8888],
          [2.5240, 0.4641, 0.2099,  ..., 0.1951, 0.2226, 0.6154],
          ...,
          [0.5917, 0.0000, 0.0000,  ..., 0.0000, 0.0000, 0.8847],
          [0.0000, 0.0000, 0.0000,  ..., 0.0000, 0.0000, 0.0000],
          [0.0000, 0.0000, 0.0000,  ..., 0.0000, 0.0000, 0.0000]],

         [[0.0000, 0.0000, 0.0000,  ..., 0.0000, 0.0000, 0.0000],
          [0.0000, 0.0000, 0.0000,  ..., 0.0000, 0.0000, 0.0000],
          [0.0000, 0.0000, 0.0000,  ..., 0.0000, 0.0000, 0.0000],
          ...,
          [0.0000, 0.0000, 0.0000,  ..., 0.0000, 0.0000, 0.0000],
          [0.0000, 0.0000, 0.0000,  ..., 0.0000, 0.0000, 0.0000],
          [0.0000, 0.0000, 0.0000,  ..., 0.0000, 0.0000, 0.0000]],

         [[0.0000, 0.0000, 0.0000,  ..., 0.0000, 0.0000, 0.2925],
          [0.5853, 0.0000, 0.1986,  ..., 0.0000, 0.0000, 0.0000],
          [0.2550, 0.0000, 0.1966,  ..., 0.0000, 0.0000, 0.0397],
          ...,
          [2.2621, 0.5190, 1.3268,  ..., 0.8861, 1.0959, 0.5640],
          [1.3739, 0.0000, 0.4545,  ..., 0.1883, 0.5767, 0.3654],
          [2.0257, 1.0711, 1.6321,  ..., 0.8749, 1.2824, 0.6951]],

         ...,

         [[0.0000, 0.1215, 0.4166,  ..., 3.4050, 0.0341, 0.0000],
          [0.0000, 0.0000, 0.0000,  ..., 0.1069, 0.0000, 0.0000],
          [0.0000, 0.2915, 0.2483,  ..., 0.3559, 0.0000, 0.0000],
          ...,
          [0.0000, 1.2622, 0.6515,  ..., 0.0000, 0.0000, 1.3155],
          [0.0000, 1.3613, 0.5165,  ..., 0.0000, 0.0000, 0.8304],
          [0.6292, 2.9362, 2.3894,  ..., 0.8357, 1.1499, 1.6965]],

         [[0.0000, 0.0000, 0.0000,  ..., 0.0000, 0.0000, 0.0000],
          [0.0000, 0.0000, 0.0000,  ..., 0.0000, 0.0000, 0.0000],
          [0.0000, 0.0000, 0.0000,  ..., 0.0000, 0.0000, 0.0000],
          ...,
          [0.1440, 0.2536, 0.0000,  ..., 0.0000, 0.5886, 0.6129],
          [0.0000, 0.0000, 0.0000,  ..., 0.0000, 0.0000, 0.0000],
          [0.0000, 0.0000, 0.0000,  ..., 0.0000, 0.0000, 0.0000]],

         [[0.0000, 0.0000, 0.0000,  ..., 0.0000, 0.0000, 0.0000],
          [0.7414, 0.0000, 0.2343,  ..., 0.0000, 0.0000, 0.0000],
          [0.0000, 0.0000, 0.0629,  ..., 0.0000, 0.0000, 0.0000],
          ...,
          [0.0000, 0.8367, 0.1167,  ..., 0.3824, 0.8457, 0.4730],
          [0.0000, 1.6542, 0.8728,  ..., 0.4703, 0.9369, 1.5303],
          [0.0000, 0.2147, 0.0118,  ..., 0.3436, 0.0000, 1.7566]]]],
       device='cuda:0'), 'relu2_2': tensor([[[[0.0000, 0.0000, 0.0000,  ..., 1.9610, 0.0000, 0.0000],
          [1.2171, 0.0000, 0.0862,  ..., 0.0000, 0.0000, 0.0000],
          [0.8888, 0.0000, 0.6386,  ..., 1.0804, 0.0000, 0.0000],
          ...,
          [2.7131, 0.0000, 0.0000,  ..., 1.2186, 0.1596, 4.4015],
          [2.9654, 2.2464, 0.0000,  ..., 0.0782, 0.3951, 6.2999],
          [3.2183, 2.3546, 1.8621,  ..., 0.0000, 1.0447, 3.3901]],

         [[0.0000, 0.0000, 0.0000,  ..., 0.0000, 0.0000, 0.8955],
          [0.0000, 0.0000, 0.0000,  ..., 0.0000, 0.0000, 0.0000],
          [0.0000, 0.8256, 0.0000,  ..., 0.0000, 0.0000, 0.0000],
          ...,
          [1.5101, 0.0000, 0.0000,  ..., 0.0000, 0.0000, 0.2797],
          [4.9766, 0.4181, 0.0000,  ..., 0.0000, 0.0000, 0.0000],
          [0.7717, 4.5834, 0.5774,  ..., 1.5915, 0.0000, 0.0000]],

         [[0.2141, 0.0000, 0.0000,  ..., 0.0000, 0.0000, 0.5395],
          [0.0000, 0.0000, 0.0000,  ..., 0.0251, 0.9842, 2.2632],
          [0.0000, 0.0000, 0.0000,  ..., 0.4049, 1.0595, 1.4569],
          ...,
          [0.0000, 0.0000, 0.0000,  ..., 0.0000, 0.0963, 0.0000],
          [0.0000, 0.0000, 0.0000,  ..., 0.0000, 0.0696, 0.0000],
          [0.0000, 0.0000, 0.0000,  ..., 0.0000, 0.0000, 0.0000]],

         ...,

         [[0.3609, 0.0450, 0.0000,  ..., 0.0000, 0.0000, 0.9872],
          [0.1373, 0.0000, 0.0000,  ..., 0.0000, 0.0000, 0.0000],
          [0.8174, 0.0000, 0.0000,  ..., 0.0000, 0.0000, 0.0000],
          ...,
          [0.0000, 0.0000, 0.0000,  ..., 5.6318, 4.1086, 1.5248],
          [0.0000, 0.0000, 0.0000,  ..., 2.4603, 4.4511, 2.7835],
          [0.0000, 0.0000, 0.9901,  ..., 1.2773, 3.2395, 2.3518]],

         [[0.4788, 1.2899, 0.5640,  ..., 0.0000, 0.8664, 0.0467],
          [0.0476, 0.0000, 0.0000,  ..., 0.0000, 0.0000, 0.2464],
          [0.0000, 0.0000, 0.0000,  ..., 0.0000, 0.0000, 0.0000],
          ...,
          [0.0000, 0.0000, 0.2534,  ..., 0.0000, 1.5422, 1.2370],
          [0.0000, 0.0000, 0.0000,  ..., 0.0000, 0.0000, 0.3329],
          [0.0000, 0.0000, 0.0000,  ..., 0.0000, 0.0000, 0.0000]],

         [[0.0000, 0.0000, 0.0000,  ..., 0.0000, 0.0000, 0.0000],
          [0.0000, 0.0000, 0.0000,  ..., 0.0000, 0.0000, 0.0000],
          [0.0000, 0.0000, 0.0000,  ..., 0.0000, 0.0000, 0.0000],
          ...,
          [0.0000, 0.0000, 0.0000,  ..., 0.9816, 0.1511, 0.0000],
          [0.0000, 0.2412, 0.0000,  ..., 2.5937, 1.4325, 0.0000],
          [0.0000, 0.7529, 0.0000,  ..., 1.2151, 2.2584, 0.7423]]]],
       device='cuda:0'), 'relu3_4': tensor([[[[ 5.8729,  3.1229,  0.0000,  ...,  2.7971,  5.5621,  1.6455],
          [ 0.6335,  0.0000,  0.0000,  ...,  0.0000,  0.0000,  0.0000],
          [ 0.0000,  0.0000,  0.0000,  ...,  0.0000,  0.0000,  1.6393],
          ...,
          [ 0.0000,  1.6099,  0.4437,  ...,  0.0000,  0.0000,  0.0000],
          [ 0.0000,  0.0000,  0.0000,  ...,  0.0000,  0.0000,  0.0000],
          [ 0.0000,  0.0000,  0.0000,  ...,  0.8835,  0.0000,  0.1629]],

         [[ 5.5221,  4.7619,  5.9758,  ...,  3.1751,  1.9571,  0.0000],
          [ 2.0366,  0.0000,  0.0000,  ...,  0.0000,  0.0000,  0.0000],
          [ 2.4769,  0.0000,  0.0000,  ...,  0.0000,  0.0000,  1.2511],
          ...,
          [ 0.0000,  0.0000,  0.0000,  ...,  0.0000,  0.0000,  4.6950],
          [ 0.0000,  0.0000,  0.0000,  ...,  0.0000,  0.0000,  0.0000],
          [ 0.0000,  0.0000,  0.0000,  ...,  0.0000,  0.0000,  0.0000]],

         [[ 5.6966,  0.5639,  2.8435,  ...,  5.6649,  1.9458,  0.0000],
          [ 0.1404,  0.0000,  0.0000,  ...,  0.0000,  0.0000,  0.0000],
          [ 1.6261,  0.0000,  0.0000,  ...,  0.5460,  0.0000,  0.0000],
          ...,
          [ 2.1728,  0.0000,  0.0000,  ...,  0.2056,  0.0000,  0.2863],
          [ 3.3049,  0.0000,  0.0000,  ...,  2.2256,  0.0000,  0.0000],
          [ 4.7497,  0.0000,  0.0000,  ...,  6.5766,  2.6142,  0.4136]],

         ...,

         [[ 3.1737,  0.0000,  0.0000,  ...,  0.0000,  0.0000,  0.0000],
          [ 2.3149,  0.0000,  0.0000,  ...,  0.0000,  0.0000,  0.0000],
          [ 0.0000,  0.0000,  0.0000,  ...,  0.0000,  0.0000,  1.2869],
          ...,
          [ 0.0000,  0.0000,  0.0000,  ...,  0.0000,  0.0000,  0.0000],
          [ 0.0000,  0.0000,  0.0000,  ...,  0.0000,  0.0000,  0.0000],
          [ 0.0000,  0.0000,  0.0000,  ...,  0.0000,  0.0000,  1.2135]],

         [[ 0.0000,  0.0000,  0.0000,  ...,  0.0000,  0.0000,  0.0000],
          [ 0.0000,  0.0000,  0.0000,  ...,  0.0000,  0.0000,  0.0000],
          [ 0.0000,  0.0000,  0.0000,  ...,  0.0000,  0.0000,  0.0000],
          ...,
          [ 8.1082,  5.4350,  1.8070,  ...,  0.0000,  0.0000,  0.0000],
          [ 3.9920,  0.0000,  0.0000,  ...,  0.0000,  0.0000,  0.0000],
          [ 9.7720, 12.6502,  4.5242,  ...,  1.9170,  0.0000,  0.1635]],

         [[ 0.0000,  0.0000,  0.0000,  ...,  0.0000,  0.0000,  0.0000],
          [ 0.0000,  0.0000,  0.0000,  ...,  0.0000,  0.0000,  0.0000],
          [ 0.0000,  0.0000,  0.0000,  ...,  0.0000,  0.0000,  0.0000],
          ...,
          [ 0.0000,  0.0000,  0.0000,  ...,  0.0000,  0.0000,  0.0000],
          [ 0.0000,  0.0000,  0.0000,  ...,  0.0000,  0.0000,  0.0000],
          [ 0.0000,  0.0000,  0.0000,  ...,  7.3560,  2.9563,  0.0000]]]],
       device='cuda:0'), 'relu4_4': tensor([[[[0.0000, 0.0000, 0.0000,  ..., 0.0000, 0.0000, 0.0000],
          [0.0000, 0.0000, 0.0000,  ..., 0.0000, 0.0000, 0.0000],
          [0.0000, 0.0000, 0.0000,  ..., 0.0000, 0.0000, 0.0000],
          ...,
          [0.0000, 0.0000, 1.5719,  ..., 0.0000, 0.0000, 0.0000],
          [0.0000, 0.0000, 0.0000,  ..., 0.0000, 0.0000, 0.0000],
          [0.0000, 0.0000, 0.0000,  ..., 0.0000, 0.0000, 0.0000]],

         [[0.0000, 0.0000, 0.0000,  ..., 0.0000, 0.0000, 0.0000],
          [0.0000, 0.0000, 0.0000,  ..., 0.0000, 0.0000, 0.0000],
          [0.0000, 0.0000, 0.0000,  ..., 0.0000, 0.0000, 0.0000],
          ...,
          [0.0000, 0.0000, 0.0000,  ..., 0.0000, 0.0000, 0.0000],
          [0.0000, 0.0000, 0.0000,  ..., 0.0000, 0.0000, 0.0000],
          [0.0000, 0.0000, 0.0000,  ..., 0.0000, 0.0000, 0.0000]],

         [[0.0000, 0.0000, 0.0000,  ..., 0.0000, 0.0000, 0.0000],
          [0.0000, 0.0000, 0.0000,  ..., 0.0000, 0.0000, 0.0000],
          [0.0000, 0.0000, 0.0000,  ..., 0.0000, 0.0000, 0.0000],
          ...,
          [0.0383, 0.0000, 0.0000,  ..., 0.0000, 0.0000, 0.0000],
          [0.0000, 0.0000, 0.0000,  ..., 0.0000, 0.0000, 0.0000],
          [0.5597, 0.0000, 0.7103,  ..., 0.0000, 0.0000, 0.0000]],

         ...,

         [[0.0000, 0.0000, 0.0000,  ..., 0.0000, 0.0000, 0.5525],
          [0.0000, 0.0000, 0.0000,  ..., 0.0000, 0.0000, 0.0000],
          [0.0000, 0.0000, 0.0000,  ..., 0.0000, 0.0000, 0.0000],
          ...,
          [0.0000, 0.0000, 1.7410,  ..., 0.0000, 0.0000, 0.0000],
          [2.0945, 5.3148, 6.1162,  ..., 0.0000, 0.0000, 0.0000],
          [1.3374, 0.0000, 0.0000,  ..., 0.0000, 0.0000, 0.0000]],

         [[0.0000, 0.0000, 0.0000,  ..., 0.0000, 0.0000, 0.0000],
          [0.0000, 0.0000, 0.0000,  ..., 0.0000, 0.0000, 0.0000],
          [0.0000, 0.0000, 0.0000,  ..., 0.0000, 0.0000, 0.0000],
          ...,
          [0.0000, 0.0000, 0.0000,  ..., 0.0000, 0.0000, 0.0000],
          [0.0000, 0.0000, 0.0000,  ..., 0.0000, 0.0000, 0.0000],
          [0.0000, 0.0000, 0.0000,  ..., 0.0000, 0.0000, 0.0000]],

         [[0.0000, 0.0000, 0.0000,  ..., 0.0000, 0.0000, 0.0000],
          [0.0000, 0.0000, 0.0000,  ..., 0.0000, 0.0000, 0.0000],
          [0.0000, 0.0000, 0.0000,  ..., 0.0000, 0.0000, 0.0000],
          ...,
          [0.0000, 0.0000, 0.0000,  ..., 0.0000, 0.0000, 0.0000],
          [0.0000, 0.0000, 0.0000,  ..., 0.0000, 0.0000, 0.0000],
          [0.0000, 0.0000, 0.0000,  ..., 2.2774, 0.0000, 0.0000]]]],
       device='cuda:0'), 'relu5_4': tensor([[[[0.0000e+00, 0.0000e+00, 0.0000e+00,  ..., 0.0000e+00,
           0.0000e+00, 0.0000e+00],
          [0.0000e+00, 0.0000e+00, 0.0000e+00,  ..., 0.0000e+00,
           0.0000e+00, 0.0000e+00],
          [0.0000e+00, 0.0000e+00, 0.0000e+00,  ..., 0.0000e+00,
           0.0000e+00, 0.0000e+00],
          ...,
          [0.0000e+00, 0.0000e+00, 0.0000e+00,  ..., 0.0000e+00,
           0.0000e+00, 0.0000e+00],
          [0.0000e+00, 0.0000e+00, 0.0000e+00,  ..., 0.0000e+00,
           0.0000e+00, 0.0000e+00],
          [3.7272e-01, 0.0000e+00, 0.0000e+00,  ..., 0.0000e+00,
           0.0000e+00, 0.0000e+00]],

         [[0.0000e+00, 0.0000e+00, 0.0000e+00,  ..., 0.0000e+00,
           0.0000e+00, 0.0000e+00],
          [0.0000e+00, 0.0000e+00, 0.0000e+00,  ..., 0.0000e+00,
           0.0000e+00, 0.0000e+00],
          [0.0000e+00, 0.0000e+00, 0.0000e+00,  ..., 0.0000e+00,
           0.0000e+00, 0.0000e+00],
          ...,
          [0.0000e+00, 0.0000e+00, 0.0000e+00,  ..., 0.0000e+00,
           0.0000e+00, 0.0000e+00],
          [0.0000e+00, 0.0000e+00, 0.0000e+00,  ..., 0.0000e+00,
           0.0000e+00, 0.0000e+00],
          [0.0000e+00, 0.0000e+00, 0.0000e+00,  ..., 0.0000e+00,
           0.0000e+00, 0.0000e+00]],

         [[0.0000e+00, 0.0000e+00, 0.0000e+00,  ..., 0.0000e+00,
           0.0000e+00, 0.0000e+00],
          [0.0000e+00, 0.0000e+00, 0.0000e+00,  ..., 0.0000e+00,
           0.0000e+00, 0.0000e+00],
          [0.0000e+00, 0.0000e+00, 0.0000e+00,  ..., 0.0000e+00,
           0.0000e+00, 0.0000e+00],
          ...,
          [0.0000e+00, 0.0000e+00, 0.0000e+00,  ..., 0.0000e+00,
           0.0000e+00, 0.0000e+00],
          [0.0000e+00, 0.0000e+00, 0.0000e+00,  ..., 0.0000e+00,
           0.0000e+00, 0.0000e+00],
          [0.0000e+00, 0.0000e+00, 0.0000e+00,  ..., 0.0000e+00,
           0.0000e+00, 0.0000e+00]],

         ...,

         [[0.0000e+00, 0.0000e+00, 0.0000e+00,  ..., 0.0000e+00,
           0.0000e+00, 0.0000e+00],
          [0.0000e+00, 0.0000e+00, 0.0000e+00,  ..., 0.0000e+00,
           0.0000e+00, 0.0000e+00],
          [0.0000e+00, 0.0000e+00, 0.0000e+00,  ..., 0.0000e+00,
           0.0000e+00, 0.0000e+00],
          ...,
          [0.0000e+00, 0.0000e+00, 6.1384e-01,  ..., 0.0000e+00,
           0.0000e+00, 0.0000e+00],
          [0.0000e+00, 0.0000e+00, 7.5223e-04,  ..., 0.0000e+00,
           0.0000e+00, 0.0000e+00],
          [6.1037e-01, 0.0000e+00, 0.0000e+00,  ..., 0.0000e+00,
           0.0000e+00, 0.0000e+00]],

         [[0.0000e+00, 0.0000e+00, 0.0000e+00,  ..., 0.0000e+00,
           0.0000e+00, 0.0000e+00],
          [0.0000e+00, 0.0000e+00, 0.0000e+00,  ..., 0.0000e+00,
           0.0000e+00, 0.0000e+00],
          [0.0000e+00, 0.0000e+00, 0.0000e+00,  ..., 0.0000e+00,
           0.0000e+00, 0.0000e+00],
          ...,
          [0.0000e+00, 0.0000e+00, 0.0000e+00,  ..., 0.0000e+00,
           0.0000e+00, 0.0000e+00],
          [0.0000e+00, 0.0000e+00, 0.0000e+00,  ..., 0.0000e+00,
           0.0000e+00, 0.0000e+00],
          [0.0000e+00, 0.0000e+00, 0.0000e+00,  ..., 0.0000e+00,
           0.0000e+00, 0.0000e+00]],

         [[0.0000e+00, 0.0000e+00, 0.0000e+00,  ..., 0.0000e+00,
           0.0000e+00, 0.0000e+00],
          [0.0000e+00, 0.0000e+00, 0.0000e+00,  ..., 0.0000e+00,
           0.0000e+00, 0.0000e+00],
          [0.0000e+00, 0.0000e+00, 0.0000e+00,  ..., 0.0000e+00,
           0.0000e+00, 0.0000e+00],
          ...,
          [0.0000e+00, 0.0000e+00, 1.3108e+00,  ..., 0.0000e+00,
           0.0000e+00, 0.0000e+00],
          [0.0000e+00, 0.0000e+00, 0.0000e+00,  ..., 0.0000e+00,
           0.0000e+00, 0.0000e+00],
          [0.0000e+00, 0.0000e+00, 0.0000e+00,  ..., 0.0000e+00,
           0.0000e+00, 0.0000e+00]]]], device='cuda:0')}
torch.Size([1, 3, 512, 512])
(512, 512, 3)
[[[-0.02833377 -0.03458903 -0.04144576]
  [-0.03803777 -0.01566741 -0.04440908]
  [-0.0508773  -0.02614127 -0.00876619]
  ...
  [-0.0670609   0.09512935 -0.02966921]
  [-0.11413771  0.05506426  0.00480563]
  [-0.08074171  0.06461528 -0.018418  ]]

 [[-0.03053718 -0.0589404  -0.04226781]
  [-0.06144097 -0.04843163 -0.03122056]
  [-0.04212955 -0.03674294 -0.00674388]
  ...
  [-0.07627838  0.07082443 -0.00145264]
  [-0.08364906  0.07964166  0.00731595]
  [-0.06898329  0.06025672  0.01850054]]

 [[-0.06119104 -0.06336228 -0.03608704]
  [-0.06154745 -0.08711453 -0.0545935 ]
  [-0.0344744  -0.04665092 -0.01408726]
  ...
  [-0.05307727  0.05988489 -0.0241578 ]
  [-0.06090602  0.05370733  0.00049128]
  [-0.05541388  0.03332686 -0.00353435]]

 ...

 [[-0.07184406 -0.11164204 -0.00257287]
  [-0.13587384 -0.1015454  -0.01596953]
  [-0.10136518 -0.13957578  0.01202403]
  ...
  [-0.15515526 -0.00827274  0.03496925]
  [-0.14474629  0.03058336  0.03427742]
  [-0.136259    0.01453406  0.01635319]]

 [[-0.06605289 -0.10490022 -0.0416243 ]
  [-0.09584    -0.10273337 -0.05787424]
  [-0.07547912 -0.1051212  -0.02832748]
  ...
  [-0.10052043 -0.00963368 -0.03104579]
  [-0.08538768  0.00457664 -0.0127272 ]
  [-0.085508   -0.00193748 -0.04054645]]

 [[-0.08011987 -0.0969031  -0.05326935]
  [-0.12953477 -0.06931739 -0.04871641]
  [-0.08719206 -0.10559464 -0.02563101]
  ...
  [-0.12628965 -0.02700695 -0.02695863]
  [-0.1047505  -0.0069616  -0.0062147 ]
  [-0.11814195 -0.01102752 -0.01999971]]]
