4000 3000
torch.Size([1, 3, 512, 512])
1199 1180
torch.Size([1, 3, 512, 512])
{'relu1_2': tensor([[[[0.0000, 0.0000, 0.0000,  ..., 1.7200, 1.4746, 0.7418],
          [2.8644, 1.2520, 0.8291,  ..., 1.2869, 1.1063, 0.8888],
          [2.5240, 0.4641, 0.2099,  ..., 0.1951, 0.2226, 0.6154],
          ...,
          [0.5917, 0.0000, 0.0000,  ..., 0.0000, 0.0000, 0.8847],
          [0.0000, 0.0000, 0.0000,  ..., 0.0000, 0.0000, 0.0000],
          [0.0000, 0.0000, 0.0000,  ..., 0.0000, 0.0000, 0.0000]],

         [[0.0000, 0.0000, 0.0000,  ..., 0.0000, 0.0000, 0.0000],
          [0.0000, 0.0000, 0.0000,  ..., 0.0000, 0.0000, 0.0000],
          [0.0000, 0.0000, 0.0000,  ..., 0.0000, 0.0000, 0.0000],
          ...,
          [0.0000, 0.0000, 0.0000,  ..., 0.0000, 0.0000, 0.0000],
          [0.0000, 0.0000, 0.0000,  ..., 0.0000, 0.0000, 0.0000],
          [0.0000, 0.0000, 0.0000,  ..., 0.0000, 0.0000, 0.0000]],

         [[0.0000, 0.0000, 0.0000,  ..., 0.0000, 0.0000, 0.2925],
          [0.5853, 0.0000, 0.1986,  ..., 0.0000, 0.0000, 0.0000],
          [0.2550, 0.0000, 0.1966,  ..., 0.0000, 0.0000, 0.0397],
          ...,
          [2.2621, 0.5190, 1.3268,  ..., 0.8861, 1.0959, 0.5640],
          [1.3739, 0.0000, 0.4545,  ..., 0.1883, 0.5767, 0.3654],
          [2.0257, 1.0711, 1.6321,  ..., 0.8749, 1.2824, 0.6951]],

         ...,

         [[0.0000, 0.1215, 0.4166,  ..., 3.4050, 0.0341, 0.0000],
          [0.0000, 0.0000, 0.0000,  ..., 0.1069, 0.0000, 0.0000],
          [0.0000, 0.2915, 0.2483,  ..., 0.3559, 0.0000, 0.0000],
          ...,
          [0.0000, 1.2622, 0.6515,  ..., 0.0000, 0.0000, 1.3155],
          [0.0000, 1.3613, 0.5165,  ..., 0.0000, 0.0000, 0.8304],
          [0.6292, 2.9362, 2.3894,  ..., 0.8357, 1.1499, 1.6965]],

         [[0.0000, 0.0000, 0.0000,  ..., 0.0000, 0.0000, 0.0000],
          [0.0000, 0.0000, 0.0000,  ..., 0.0000, 0.0000, 0.0000],
          [0.0000, 0.0000, 0.0000,  ..., 0.0000, 0.0000, 0.0000],
          ...,
          [0.1440, 0.2536, 0.0000,  ..., 0.0000, 0.5886, 0.6129],
          [0.0000, 0.0000, 0.0000,  ..., 0.0000, 0.0000, 0.0000],
          [0.0000, 0.0000, 0.0000,  ..., 0.0000, 0.0000, 0.0000]],

         [[0.0000, 0.0000, 0.0000,  ..., 0.0000, 0.0000, 0.0000],
          [0.7414, 0.0000, 0.2343,  ..., 0.0000, 0.0000, 0.0000],
          [0.0000, 0.0000, 0.0629,  ..., 0.0000, 0.0000, 0.0000],
          ...,
          [0.0000, 0.8367, 0.1167,  ..., 0.3824, 0.8457, 0.4730],
          [0.0000, 1.6542, 0.8728,  ..., 0.4703, 0.9369, 1.5303],
          [0.0000, 0.2147, 0.0118,  ..., 0.3436, 0.0000, 1.7566]]]],
       device='cuda:0'), 'relu2_2': tensor([[[[0.0000, 0.0000, 0.0000,  ..., 1.9610, 0.0000, 0.0000],
          [1.2171, 0.0000, 0.0862,  ..., 0.0000, 0.0000, 0.0000],
          [0.8888, 0.0000, 0.6386,  ..., 1.0804, 0.0000, 0.0000],
          ...,
          [2.7131, 0.0000, 0.0000,  ..., 1.2186, 0.1596, 4.4015],
          [2.9654, 2.2464, 0.0000,  ..., 0.0782, 0.3951, 6.2999],
          [3.2183, 2.3546, 1.8621,  ..., 0.0000, 1.0447, 3.3901]],

         [[0.0000, 0.0000, 0.0000,  ..., 0.0000, 0.0000, 0.8955],
          [0.0000, 0.0000, 0.0000,  ..., 0.0000, 0.0000, 0.0000],
          [0.0000, 0.8256, 0.0000,  ..., 0.0000, 0.0000, 0.0000],
          ...,
          [1.5101, 0.0000, 0.0000,  ..., 0.0000, 0.0000, 0.2797],
          [4.9766, 0.4181, 0.0000,  ..., 0.0000, 0.0000, 0.0000],
          [0.7717, 4.5834, 0.5774,  ..., 1.5915, 0.0000, 0.0000]],

         [[0.2141, 0.0000, 0.0000,  ..., 0.0000, 0.0000, 0.5395],
          [0.0000, 0.0000, 0.0000,  ..., 0.0251, 0.9842, 2.2632],
          [0.0000, 0.0000, 0.0000,  ..., 0.4049, 1.0595, 1.4569],
          ...,
          [0.0000, 0.0000, 0.0000,  ..., 0.0000, 0.0963, 0.0000],
          [0.0000, 0.0000, 0.0000,  ..., 0.0000, 0.0696, 0.0000],
          [0.0000, 0.0000, 0.0000,  ..., 0.0000, 0.0000, 0.0000]],

         ...,

         [[0.3609, 0.0450, 0.0000,  ..., 0.0000, 0.0000, 0.9872],
          [0.1373, 0.0000, 0.0000,  ..., 0.0000, 0.0000, 0.0000],
          [0.8174, 0.0000, 0.0000,  ..., 0.0000, 0.0000, 0.0000],
          ...,
          [0.0000, 0.0000, 0.0000,  ..., 5.6318, 4.1086, 1.5248],
          [0.0000, 0.0000, 0.0000,  ..., 2.4603, 4.4511, 2.7835],
          [0.0000, 0.0000, 0.9901,  ..., 1.2773, 3.2395, 2.3518]],

         [[0.4788, 1.2899, 0.5640,  ..., 0.0000, 0.8664, 0.0467],
          [0.0476, 0.0000, 0.0000,  ..., 0.0000, 0.0000, 0.2464],
          [0.0000, 0.0000, 0.0000,  ..., 0.0000, 0.0000, 0.0000],
          ...,
          [0.0000, 0.0000, 0.2534,  ..., 0.0000, 1.5422, 1.2370],
          [0.0000, 0.0000, 0.0000,  ..., 0.0000, 0.0000, 0.3329],
          [0.0000, 0.0000, 0.0000,  ..., 0.0000, 0.0000, 0.0000]],

         [[0.0000, 0.0000, 0.0000,  ..., 0.0000, 0.0000, 0.0000],
          [0.0000, 0.0000, 0.0000,  ..., 0.0000, 0.0000, 0.0000],
          [0.0000, 0.0000, 0.0000,  ..., 0.0000, 0.0000, 0.0000],
          ...,
          [0.0000, 0.0000, 0.0000,  ..., 0.9816, 0.1511, 0.0000],
          [0.0000, 0.2412, 0.0000,  ..., 2.5937, 1.4325, 0.0000],
          [0.0000, 0.7529, 0.0000,  ..., 1.2151, 2.2584, 0.7423]]]],
       device='cuda:0'), 'relu3_4': tensor([[[[ 5.8729,  3.1229,  0.0000,  ...,  2.7971,  5.5621,  1.6455],
          [ 0.6335,  0.0000,  0.0000,  ...,  0.0000,  0.0000,  0.0000],
          [ 0.0000,  0.0000,  0.0000,  ...,  0.0000,  0.0000,  1.6393],
          ...,
          [ 0.0000,  1.6099,  0.4437,  ...,  0.0000,  0.0000,  0.0000],
          [ 0.0000,  0.0000,  0.0000,  ...,  0.0000,  0.0000,  0.0000],
          [ 0.0000,  0.0000,  0.0000,  ...,  0.8835,  0.0000,  0.1629]],

         [[ 5.5221,  4.7619,  5.9758,  ...,  3.1751,  1.9571,  0.0000],
          [ 2.0366,  0.0000,  0.0000,  ...,  0.0000,  0.0000,  0.0000],
          [ 2.4769,  0.0000,  0.0000,  ...,  0.0000,  0.0000,  1.2511],
          ...,
          [ 0.0000,  0.0000,  0.0000,  ...,  0.0000,  0.0000,  4.6950],
          [ 0.0000,  0.0000,  0.0000,  ...,  0.0000,  0.0000,  0.0000],
          [ 0.0000,  0.0000,  0.0000,  ...,  0.0000,  0.0000,  0.0000]],

         [[ 5.6966,  0.5639,  2.8435,  ...,  5.6649,  1.9458,  0.0000],
          [ 0.1404,  0.0000,  0.0000,  ...,  0.0000,  0.0000,  0.0000],
          [ 1.6261,  0.0000,  0.0000,  ...,  0.5460,  0.0000,  0.0000],
          ...,
          [ 2.1728,  0.0000,  0.0000,  ...,  0.2056,  0.0000,  0.2863],
          [ 3.3049,  0.0000,  0.0000,  ...,  2.2256,  0.0000,  0.0000],
          [ 4.7497,  0.0000,  0.0000,  ...,  6.5766,  2.6142,  0.4136]],

         ...,

         [[ 3.1737,  0.0000,  0.0000,  ...,  0.0000,  0.0000,  0.0000],
          [ 2.3149,  0.0000,  0.0000,  ...,  0.0000,  0.0000,  0.0000],
          [ 0.0000,  0.0000,  0.0000,  ...,  0.0000,  0.0000,  1.2869],
          ...,
          [ 0.0000,  0.0000,  0.0000,  ...,  0.0000,  0.0000,  0.0000],
          [ 0.0000,  0.0000,  0.0000,  ...,  0.0000,  0.0000,  0.0000],
          [ 0.0000,  0.0000,  0.0000,  ...,  0.0000,  0.0000,  1.2135]],

         [[ 0.0000,  0.0000,  0.0000,  ...,  0.0000,  0.0000,  0.0000],
          [ 0.0000,  0.0000,  0.0000,  ...,  0.0000,  0.0000,  0.0000],
          [ 0.0000,  0.0000,  0.0000,  ...,  0.0000,  0.0000,  0.0000],
          ...,
          [ 8.1082,  5.4350,  1.8070,  ...,  0.0000,  0.0000,  0.0000],
          [ 3.9920,  0.0000,  0.0000,  ...,  0.0000,  0.0000,  0.0000],
          [ 9.7720, 12.6502,  4.5242,  ...,  1.9170,  0.0000,  0.1635]],

         [[ 0.0000,  0.0000,  0.0000,  ...,  0.0000,  0.0000,  0.0000],
          [ 0.0000,  0.0000,  0.0000,  ...,  0.0000,  0.0000,  0.0000],
          [ 0.0000,  0.0000,  0.0000,  ...,  0.0000,  0.0000,  0.0000],
          ...,
          [ 0.0000,  0.0000,  0.0000,  ...,  0.0000,  0.0000,  0.0000],
          [ 0.0000,  0.0000,  0.0000,  ...,  0.0000,  0.0000,  0.0000],
          [ 0.0000,  0.0000,  0.0000,  ...,  7.3560,  2.9563,  0.0000]]]],
       device='cuda:0'), 'relu4_4': tensor([[[[0.0000, 0.0000, 0.0000,  ..., 0.0000, 0.0000, 0.0000],
          [0.0000, 0.0000, 0.0000,  ..., 0.0000, 0.0000, 0.0000],
          [0.0000, 0.0000, 0.0000,  ..., 0.0000, 0.0000, 0.0000],
          ...,
          [0.0000, 0.0000, 1.5719,  ..., 0.0000, 0.0000, 0.0000],
          [0.0000, 0.0000, 0.0000,  ..., 0.0000, 0.0000, 0.0000],
          [0.0000, 0.0000, 0.0000,  ..., 0.0000, 0.0000, 0.0000]],

         [[0.0000, 0.0000, 0.0000,  ..., 0.0000, 0.0000, 0.0000],
          [0.0000, 0.0000, 0.0000,  ..., 0.0000, 0.0000, 0.0000],
          [0.0000, 0.0000, 0.0000,  ..., 0.0000, 0.0000, 0.0000],
          ...,
          [0.0000, 0.0000, 0.0000,  ..., 0.0000, 0.0000, 0.0000],
          [0.0000, 0.0000, 0.0000,  ..., 0.0000, 0.0000, 0.0000],
          [0.0000, 0.0000, 0.0000,  ..., 0.0000, 0.0000, 0.0000]],

         [[0.0000, 0.0000, 0.0000,  ..., 0.0000, 0.0000, 0.0000],
          [0.0000, 0.0000, 0.0000,  ..., 0.0000, 0.0000, 0.0000],
          [0.0000, 0.0000, 0.0000,  ..., 0.0000, 0.0000, 0.0000],
          ...,
          [0.0383, 0.0000, 0.0000,  ..., 0.0000, 0.0000, 0.0000],
          [0.0000, 0.0000, 0.0000,  ..., 0.0000, 0.0000, 0.0000],
          [0.5597, 0.0000, 0.7103,  ..., 0.0000, 0.0000, 0.0000]],

         ...,

         [[0.0000, 0.0000, 0.0000,  ..., 0.0000, 0.0000, 0.5525],
          [0.0000, 0.0000, 0.0000,  ..., 0.0000, 0.0000, 0.0000],
          [0.0000, 0.0000, 0.0000,  ..., 0.0000, 0.0000, 0.0000],
          ...,
          [0.0000, 0.0000, 1.7410,  ..., 0.0000, 0.0000, 0.0000],
          [2.0945, 5.3148, 6.1162,  ..., 0.0000, 0.0000, 0.0000],
          [1.3374, 0.0000, 0.0000,  ..., 0.0000, 0.0000, 0.0000]],

         [[0.0000, 0.0000, 0.0000,  ..., 0.0000, 0.0000, 0.0000],
          [0.0000, 0.0000, 0.0000,  ..., 0.0000, 0.0000, 0.0000],
          [0.0000, 0.0000, 0.0000,  ..., 0.0000, 0.0000, 0.0000],
          ...,
          [0.0000, 0.0000, 0.0000,  ..., 0.0000, 0.0000, 0.0000],
          [0.0000, 0.0000, 0.0000,  ..., 0.0000, 0.0000, 0.0000],
          [0.0000, 0.0000, 0.0000,  ..., 0.0000, 0.0000, 0.0000]],

         [[0.0000, 0.0000, 0.0000,  ..., 0.0000, 0.0000, 0.0000],
          [0.0000, 0.0000, 0.0000,  ..., 0.0000, 0.0000, 0.0000],
          [0.0000, 0.0000, 0.0000,  ..., 0.0000, 0.0000, 0.0000],
          ...,
          [0.0000, 0.0000, 0.0000,  ..., 0.0000, 0.0000, 0.0000],
          [0.0000, 0.0000, 0.0000,  ..., 0.0000, 0.0000, 0.0000],
          [0.0000, 0.0000, 0.0000,  ..., 2.2774, 0.0000, 0.0000]]]],
       device='cuda:0'), 'relu5_4': tensor([[[[0.0000e+00, 0.0000e+00, 0.0000e+00,  ..., 0.0000e+00,
           0.0000e+00, 0.0000e+00],
          [0.0000e+00, 0.0000e+00, 0.0000e+00,  ..., 0.0000e+00,
           0.0000e+00, 0.0000e+00],
          [0.0000e+00, 0.0000e+00, 0.0000e+00,  ..., 0.0000e+00,
           0.0000e+00, 0.0000e+00],
          ...,
          [0.0000e+00, 0.0000e+00, 0.0000e+00,  ..., 0.0000e+00,
           0.0000e+00, 0.0000e+00],
          [0.0000e+00, 0.0000e+00, 0.0000e+00,  ..., 0.0000e+00,
           0.0000e+00, 0.0000e+00],
          [3.7272e-01, 0.0000e+00, 0.0000e+00,  ..., 0.0000e+00,
           0.0000e+00, 0.0000e+00]],

         [[0.0000e+00, 0.0000e+00, 0.0000e+00,  ..., 0.0000e+00,
           0.0000e+00, 0.0000e+00],
          [0.0000e+00, 0.0000e+00, 0.0000e+00,  ..., 0.0000e+00,
           0.0000e+00, 0.0000e+00],
          [0.0000e+00, 0.0000e+00, 0.0000e+00,  ..., 0.0000e+00,
           0.0000e+00, 0.0000e+00],
          ...,
          [0.0000e+00, 0.0000e+00, 0.0000e+00,  ..., 0.0000e+00,
           0.0000e+00, 0.0000e+00],
          [0.0000e+00, 0.0000e+00, 0.0000e+00,  ..., 0.0000e+00,
           0.0000e+00, 0.0000e+00],
          [0.0000e+00, 0.0000e+00, 0.0000e+00,  ..., 0.0000e+00,
           0.0000e+00, 0.0000e+00]],

         [[0.0000e+00, 0.0000e+00, 0.0000e+00,  ..., 0.0000e+00,
           0.0000e+00, 0.0000e+00],
          [0.0000e+00, 0.0000e+00, 0.0000e+00,  ..., 0.0000e+00,
           0.0000e+00, 0.0000e+00],
          [0.0000e+00, 0.0000e+00, 0.0000e+00,  ..., 0.0000e+00,
           0.0000e+00, 0.0000e+00],
          ...,
          [0.0000e+00, 0.0000e+00, 0.0000e+00,  ..., 0.0000e+00,
           0.0000e+00, 0.0000e+00],
          [0.0000e+00, 0.0000e+00, 0.0000e+00,  ..., 0.0000e+00,
           0.0000e+00, 0.0000e+00],
          [0.0000e+00, 0.0000e+00, 0.0000e+00,  ..., 0.0000e+00,
           0.0000e+00, 0.0000e+00]],

         ...,

         [[0.0000e+00, 0.0000e+00, 0.0000e+00,  ..., 0.0000e+00,
           0.0000e+00, 0.0000e+00],
          [0.0000e+00, 0.0000e+00, 0.0000e+00,  ..., 0.0000e+00,
           0.0000e+00, 0.0000e+00],
          [0.0000e+00, 0.0000e+00, 0.0000e+00,  ..., 0.0000e+00,
           0.0000e+00, 0.0000e+00],
          ...,
          [0.0000e+00, 0.0000e+00, 6.1384e-01,  ..., 0.0000e+00,
           0.0000e+00, 0.0000e+00],
          [0.0000e+00, 0.0000e+00, 7.5223e-04,  ..., 0.0000e+00,
           0.0000e+00, 0.0000e+00],
          [6.1037e-01, 0.0000e+00, 0.0000e+00,  ..., 0.0000e+00,
           0.0000e+00, 0.0000e+00]],

         [[0.0000e+00, 0.0000e+00, 0.0000e+00,  ..., 0.0000e+00,
           0.0000e+00, 0.0000e+00],
          [0.0000e+00, 0.0000e+00, 0.0000e+00,  ..., 0.0000e+00,
           0.0000e+00, 0.0000e+00],
          [0.0000e+00, 0.0000e+00, 0.0000e+00,  ..., 0.0000e+00,
           0.0000e+00, 0.0000e+00],
          ...,
          [0.0000e+00, 0.0000e+00, 0.0000e+00,  ..., 0.0000e+00,
           0.0000e+00, 0.0000e+00],
          [0.0000e+00, 0.0000e+00, 0.0000e+00,  ..., 0.0000e+00,
           0.0000e+00, 0.0000e+00],
          [0.0000e+00, 0.0000e+00, 0.0000e+00,  ..., 0.0000e+00,
           0.0000e+00, 0.0000e+00]],

         [[0.0000e+00, 0.0000e+00, 0.0000e+00,  ..., 0.0000e+00,
           0.0000e+00, 0.0000e+00],
          [0.0000e+00, 0.0000e+00, 0.0000e+00,  ..., 0.0000e+00,
           0.0000e+00, 0.0000e+00],
          [0.0000e+00, 0.0000e+00, 0.0000e+00,  ..., 0.0000e+00,
           0.0000e+00, 0.0000e+00],
          ...,
          [0.0000e+00, 0.0000e+00, 1.3108e+00,  ..., 0.0000e+00,
           0.0000e+00, 0.0000e+00],
          [0.0000e+00, 0.0000e+00, 0.0000e+00,  ..., 0.0000e+00,
           0.0000e+00, 0.0000e+00],
          [0.0000e+00, 0.0000e+00, 0.0000e+00,  ..., 0.0000e+00,
           0.0000e+00, 0.0000e+00]]]], device='cuda:0')}
torch.Size([1, 3, 512, 512])
(512, 512, 3)
[[[-0.01257778 -0.01632845  0.04027   ]
  [-0.0078029   0.01448847  0.04876853]
  [-0.10912304  0.06767836  0.04400132]
  ...
  [-0.03711423 -0.02139927  0.07592716]
  [-0.10010915  0.05174474 -0.00173809]
  [-0.11023452  0.03654869  0.0512707 ]]

 [[-0.07731558  0.0050179  -0.02910698]
  [-0.22990769 -0.08612037 -0.00336128]
  [-0.13377345  0.09277827  0.08951417]
  ...
  [-0.04750461  0.06100338  0.00197239]
  [ 0.01675949  0.14542174  0.07756164]
  [-0.12064176  0.11806858  0.02949892]]

 [[ 0.01715273  0.13120499 -0.04510157]
  [-0.03130139 -0.01551772 -0.05130808]
  [ 0.03000625 -0.07461946  0.1451053 ]
  ...
  [-0.19398245 -0.03174467  0.02852005]
  [ 0.01255205 -0.12010772  0.00127997]
  [-0.12525564  0.08462857 -0.01402041]]

 ...

 [[-0.06224758 -0.00261766 -0.01327956]
  [-0.10240191  0.03803508  0.08563907]
  [-0.11938207 -0.01013392  0.00584078]
  ...
  [-0.13272983  0.13780704  0.15177478]
  [-0.14115328 -0.00426633 -0.04460065]
  [-0.07407335  0.11617086  0.12012435]]

 [[-0.0199868   0.06307263  0.00236213]
  [-0.06073058  0.03757674 -0.02515907]
  [ 0.00141713 -0.01426772  0.04690856]
  ...
  [-0.12097467  0.04967542  0.03615302]
  [-0.03229645 -0.05191391  0.02553608]
  [-0.12580797  0.00095183  0.02848778]]

 [[ 0.02283787  0.00818431  0.08809195]
  [-0.00520691 -0.06638119  0.08213818]
  [-0.10101634  0.01199606  0.03518792]
  ...
  [-0.07315765 -0.02800838  0.02134629]
  [-0.18521035  0.02308572  0.00822508]
  [ 0.01459576  0.06832509 -0.00670772]]]
