4000 3000
torch.Size([1, 3, 512, 512])
1199 1180
torch.Size([1, 3, 512, 512])
{'relu1_2': tensor([[[[0.0000, 0.0000, 0.0000,  ..., 1.7200, 1.4746, 0.7418],
          [2.8644, 1.2520, 0.8291,  ..., 1.2869, 1.1063, 0.8888],
          [2.5240, 0.4641, 0.2099,  ..., 0.1951, 0.2226, 0.6154],
          ...,
          [0.5917, 0.0000, 0.0000,  ..., 0.0000, 0.0000, 0.8847],
          [0.0000, 0.0000, 0.0000,  ..., 0.0000, 0.0000, 0.0000],
          [0.0000, 0.0000, 0.0000,  ..., 0.0000, 0.0000, 0.0000]],

         [[0.0000, 0.0000, 0.0000,  ..., 0.0000, 0.0000, 0.0000],
          [0.0000, 0.0000, 0.0000,  ..., 0.0000, 0.0000, 0.0000],
          [0.0000, 0.0000, 0.0000,  ..., 0.0000, 0.0000, 0.0000],
          ...,
          [0.0000, 0.0000, 0.0000,  ..., 0.0000, 0.0000, 0.0000],
          [0.0000, 0.0000, 0.0000,  ..., 0.0000, 0.0000, 0.0000],
          [0.0000, 0.0000, 0.0000,  ..., 0.0000, 0.0000, 0.0000]],

         [[0.0000, 0.0000, 0.0000,  ..., 0.0000, 0.0000, 0.2925],
          [0.5853, 0.0000, 0.1986,  ..., 0.0000, 0.0000, 0.0000],
          [0.2550, 0.0000, 0.1966,  ..., 0.0000, 0.0000, 0.0397],
          ...,
          [2.2621, 0.5190, 1.3268,  ..., 0.8861, 1.0959, 0.5640],
          [1.3739, 0.0000, 0.4545,  ..., 0.1883, 0.5767, 0.3654],
          [2.0257, 1.0711, 1.6321,  ..., 0.8749, 1.2824, 0.6951]],

         ...,

         [[0.0000, 0.1215, 0.4166,  ..., 3.4050, 0.0341, 0.0000],
          [0.0000, 0.0000, 0.0000,  ..., 0.1069, 0.0000, 0.0000],
          [0.0000, 0.2915, 0.2483,  ..., 0.3559, 0.0000, 0.0000],
          ...,
          [0.0000, 1.2622, 0.6515,  ..., 0.0000, 0.0000, 1.3155],
          [0.0000, 1.3613, 0.5165,  ..., 0.0000, 0.0000, 0.8304],
          [0.6292, 2.9362, 2.3894,  ..., 0.8357, 1.1499, 1.6965]],

         [[0.0000, 0.0000, 0.0000,  ..., 0.0000, 0.0000, 0.0000],
          [0.0000, 0.0000, 0.0000,  ..., 0.0000, 0.0000, 0.0000],
          [0.0000, 0.0000, 0.0000,  ..., 0.0000, 0.0000, 0.0000],
          ...,
          [0.1440, 0.2536, 0.0000,  ..., 0.0000, 0.5886, 0.6129],
          [0.0000, 0.0000, 0.0000,  ..., 0.0000, 0.0000, 0.0000],
          [0.0000, 0.0000, 0.0000,  ..., 0.0000, 0.0000, 0.0000]],

         [[0.0000, 0.0000, 0.0000,  ..., 0.0000, 0.0000, 0.0000],
          [0.7414, 0.0000, 0.2343,  ..., 0.0000, 0.0000, 0.0000],
          [0.0000, 0.0000, 0.0629,  ..., 0.0000, 0.0000, 0.0000],
          ...,
          [0.0000, 0.8367, 0.1167,  ..., 0.3824, 0.8457, 0.4730],
          [0.0000, 1.6542, 0.8728,  ..., 0.4703, 0.9369, 1.5303],
          [0.0000, 0.2147, 0.0118,  ..., 0.3436, 0.0000, 1.7566]]]],
       device='cuda:0'), 'relu2_2': tensor([[[[0.0000, 0.0000, 0.0000,  ..., 1.9610, 0.0000, 0.0000],
          [1.2171, 0.0000, 0.0862,  ..., 0.0000, 0.0000, 0.0000],
          [0.8888, 0.0000, 0.6386,  ..., 1.0804, 0.0000, 0.0000],
          ...,
          [2.7131, 0.0000, 0.0000,  ..., 1.2186, 0.1596, 4.4015],
          [2.9654, 2.2464, 0.0000,  ..., 0.0782, 0.3951, 6.2999],
          [3.2183, 2.3546, 1.8621,  ..., 0.0000, 1.0447, 3.3901]],

         [[0.0000, 0.0000, 0.0000,  ..., 0.0000, 0.0000, 0.8955],
          [0.0000, 0.0000, 0.0000,  ..., 0.0000, 0.0000, 0.0000],
          [0.0000, 0.8256, 0.0000,  ..., 0.0000, 0.0000, 0.0000],
          ...,
          [1.5101, 0.0000, 0.0000,  ..., 0.0000, 0.0000, 0.2797],
          [4.9766, 0.4181, 0.0000,  ..., 0.0000, 0.0000, 0.0000],
          [0.7717, 4.5834, 0.5774,  ..., 1.5915, 0.0000, 0.0000]],

         [[0.2141, 0.0000, 0.0000,  ..., 0.0000, 0.0000, 0.5395],
          [0.0000, 0.0000, 0.0000,  ..., 0.0251, 0.9842, 2.2632],
          [0.0000, 0.0000, 0.0000,  ..., 0.4049, 1.0595, 1.4569],
          ...,
          [0.0000, 0.0000, 0.0000,  ..., 0.0000, 0.0963, 0.0000],
          [0.0000, 0.0000, 0.0000,  ..., 0.0000, 0.0696, 0.0000],
          [0.0000, 0.0000, 0.0000,  ..., 0.0000, 0.0000, 0.0000]],

         ...,

         [[0.3609, 0.0450, 0.0000,  ..., 0.0000, 0.0000, 0.9872],
          [0.1373, 0.0000, 0.0000,  ..., 0.0000, 0.0000, 0.0000],
          [0.8174, 0.0000, 0.0000,  ..., 0.0000, 0.0000, 0.0000],
          ...,
          [0.0000, 0.0000, 0.0000,  ..., 5.6318, 4.1086, 1.5248],
          [0.0000, 0.0000, 0.0000,  ..., 2.4603, 4.4511, 2.7835],
          [0.0000, 0.0000, 0.9901,  ..., 1.2773, 3.2395, 2.3518]],

         [[0.4788, 1.2899, 0.5640,  ..., 0.0000, 0.8664, 0.0467],
          [0.0476, 0.0000, 0.0000,  ..., 0.0000, 0.0000, 0.2464],
          [0.0000, 0.0000, 0.0000,  ..., 0.0000, 0.0000, 0.0000],
          ...,
          [0.0000, 0.0000, 0.2534,  ..., 0.0000, 1.5422, 1.2370],
          [0.0000, 0.0000, 0.0000,  ..., 0.0000, 0.0000, 0.3329],
          [0.0000, 0.0000, 0.0000,  ..., 0.0000, 0.0000, 0.0000]],

         [[0.0000, 0.0000, 0.0000,  ..., 0.0000, 0.0000, 0.0000],
          [0.0000, 0.0000, 0.0000,  ..., 0.0000, 0.0000, 0.0000],
          [0.0000, 0.0000, 0.0000,  ..., 0.0000, 0.0000, 0.0000],
          ...,
          [0.0000, 0.0000, 0.0000,  ..., 0.9816, 0.1511, 0.0000],
          [0.0000, 0.2412, 0.0000,  ..., 2.5937, 1.4325, 0.0000],
          [0.0000, 0.7529, 0.0000,  ..., 1.2151, 2.2584, 0.7423]]]],
       device='cuda:0'), 'relu3_4': tensor([[[[ 5.8729,  3.1229,  0.0000,  ...,  2.7971,  5.5621,  1.6455],
          [ 0.6335,  0.0000,  0.0000,  ...,  0.0000,  0.0000,  0.0000],
          [ 0.0000,  0.0000,  0.0000,  ...,  0.0000,  0.0000,  1.6393],
          ...,
          [ 0.0000,  1.6099,  0.4437,  ...,  0.0000,  0.0000,  0.0000],
          [ 0.0000,  0.0000,  0.0000,  ...,  0.0000,  0.0000,  0.0000],
          [ 0.0000,  0.0000,  0.0000,  ...,  0.8835,  0.0000,  0.1629]],

         [[ 5.5221,  4.7619,  5.9758,  ...,  3.1751,  1.9571,  0.0000],
          [ 2.0366,  0.0000,  0.0000,  ...,  0.0000,  0.0000,  0.0000],
          [ 2.4769,  0.0000,  0.0000,  ...,  0.0000,  0.0000,  1.2511],
          ...,
          [ 0.0000,  0.0000,  0.0000,  ...,  0.0000,  0.0000,  4.6950],
          [ 0.0000,  0.0000,  0.0000,  ...,  0.0000,  0.0000,  0.0000],
          [ 0.0000,  0.0000,  0.0000,  ...,  0.0000,  0.0000,  0.0000]],

         [[ 5.6966,  0.5639,  2.8435,  ...,  5.6649,  1.9458,  0.0000],
          [ 0.1404,  0.0000,  0.0000,  ...,  0.0000,  0.0000,  0.0000],
          [ 1.6261,  0.0000,  0.0000,  ...,  0.5460,  0.0000,  0.0000],
          ...,
          [ 2.1728,  0.0000,  0.0000,  ...,  0.2056,  0.0000,  0.2863],
          [ 3.3049,  0.0000,  0.0000,  ...,  2.2256,  0.0000,  0.0000],
          [ 4.7497,  0.0000,  0.0000,  ...,  6.5766,  2.6142,  0.4136]],

         ...,

         [[ 3.1737,  0.0000,  0.0000,  ...,  0.0000,  0.0000,  0.0000],
          [ 2.3149,  0.0000,  0.0000,  ...,  0.0000,  0.0000,  0.0000],
          [ 0.0000,  0.0000,  0.0000,  ...,  0.0000,  0.0000,  1.2869],
          ...,
          [ 0.0000,  0.0000,  0.0000,  ...,  0.0000,  0.0000,  0.0000],
          [ 0.0000,  0.0000,  0.0000,  ...,  0.0000,  0.0000,  0.0000],
          [ 0.0000,  0.0000,  0.0000,  ...,  0.0000,  0.0000,  1.2135]],

         [[ 0.0000,  0.0000,  0.0000,  ...,  0.0000,  0.0000,  0.0000],
          [ 0.0000,  0.0000,  0.0000,  ...,  0.0000,  0.0000,  0.0000],
          [ 0.0000,  0.0000,  0.0000,  ...,  0.0000,  0.0000,  0.0000],
          ...,
          [ 8.1082,  5.4350,  1.8070,  ...,  0.0000,  0.0000,  0.0000],
          [ 3.9920,  0.0000,  0.0000,  ...,  0.0000,  0.0000,  0.0000],
          [ 9.7720, 12.6502,  4.5242,  ...,  1.9170,  0.0000,  0.1635]],

         [[ 0.0000,  0.0000,  0.0000,  ...,  0.0000,  0.0000,  0.0000],
          [ 0.0000,  0.0000,  0.0000,  ...,  0.0000,  0.0000,  0.0000],
          [ 0.0000,  0.0000,  0.0000,  ...,  0.0000,  0.0000,  0.0000],
          ...,
          [ 0.0000,  0.0000,  0.0000,  ...,  0.0000,  0.0000,  0.0000],
          [ 0.0000,  0.0000,  0.0000,  ...,  0.0000,  0.0000,  0.0000],
          [ 0.0000,  0.0000,  0.0000,  ...,  7.3560,  2.9563,  0.0000]]]],
       device='cuda:0'), 'relu4_4': tensor([[[[0.0000, 0.0000, 0.0000,  ..., 0.0000, 0.0000, 0.0000],
          [0.0000, 0.0000, 0.0000,  ..., 0.0000, 0.0000, 0.0000],
          [0.0000, 0.0000, 0.0000,  ..., 0.0000, 0.0000, 0.0000],
          ...,
          [0.0000, 0.0000, 1.5719,  ..., 0.0000, 0.0000, 0.0000],
          [0.0000, 0.0000, 0.0000,  ..., 0.0000, 0.0000, 0.0000],
          [0.0000, 0.0000, 0.0000,  ..., 0.0000, 0.0000, 0.0000]],

         [[0.0000, 0.0000, 0.0000,  ..., 0.0000, 0.0000, 0.0000],
          [0.0000, 0.0000, 0.0000,  ..., 0.0000, 0.0000, 0.0000],
          [0.0000, 0.0000, 0.0000,  ..., 0.0000, 0.0000, 0.0000],
          ...,
          [0.0000, 0.0000, 0.0000,  ..., 0.0000, 0.0000, 0.0000],
          [0.0000, 0.0000, 0.0000,  ..., 0.0000, 0.0000, 0.0000],
          [0.0000, 0.0000, 0.0000,  ..., 0.0000, 0.0000, 0.0000]],

         [[0.0000, 0.0000, 0.0000,  ..., 0.0000, 0.0000, 0.0000],
          [0.0000, 0.0000, 0.0000,  ..., 0.0000, 0.0000, 0.0000],
          [0.0000, 0.0000, 0.0000,  ..., 0.0000, 0.0000, 0.0000],
          ...,
          [0.0383, 0.0000, 0.0000,  ..., 0.0000, 0.0000, 0.0000],
          [0.0000, 0.0000, 0.0000,  ..., 0.0000, 0.0000, 0.0000],
          [0.5597, 0.0000, 0.7103,  ..., 0.0000, 0.0000, 0.0000]],

         ...,

         [[0.0000, 0.0000, 0.0000,  ..., 0.0000, 0.0000, 0.5525],
          [0.0000, 0.0000, 0.0000,  ..., 0.0000, 0.0000, 0.0000],
          [0.0000, 0.0000, 0.0000,  ..., 0.0000, 0.0000, 0.0000],
          ...,
          [0.0000, 0.0000, 1.7410,  ..., 0.0000, 0.0000, 0.0000],
          [2.0945, 5.3148, 6.1162,  ..., 0.0000, 0.0000, 0.0000],
          [1.3374, 0.0000, 0.0000,  ..., 0.0000, 0.0000, 0.0000]],

         [[0.0000, 0.0000, 0.0000,  ..., 0.0000, 0.0000, 0.0000],
          [0.0000, 0.0000, 0.0000,  ..., 0.0000, 0.0000, 0.0000],
          [0.0000, 0.0000, 0.0000,  ..., 0.0000, 0.0000, 0.0000],
          ...,
          [0.0000, 0.0000, 0.0000,  ..., 0.0000, 0.0000, 0.0000],
          [0.0000, 0.0000, 0.0000,  ..., 0.0000, 0.0000, 0.0000],
          [0.0000, 0.0000, 0.0000,  ..., 0.0000, 0.0000, 0.0000]],

         [[0.0000, 0.0000, 0.0000,  ..., 0.0000, 0.0000, 0.0000],
          [0.0000, 0.0000, 0.0000,  ..., 0.0000, 0.0000, 0.0000],
          [0.0000, 0.0000, 0.0000,  ..., 0.0000, 0.0000, 0.0000],
          ...,
          [0.0000, 0.0000, 0.0000,  ..., 0.0000, 0.0000, 0.0000],
          [0.0000, 0.0000, 0.0000,  ..., 0.0000, 0.0000, 0.0000],
          [0.0000, 0.0000, 0.0000,  ..., 2.2774, 0.0000, 0.0000]]]],
       device='cuda:0'), 'relu5_4': tensor([[[[0.0000e+00, 0.0000e+00, 0.0000e+00,  ..., 0.0000e+00,
           0.0000e+00, 0.0000e+00],
          [0.0000e+00, 0.0000e+00, 0.0000e+00,  ..., 0.0000e+00,
           0.0000e+00, 0.0000e+00],
          [0.0000e+00, 0.0000e+00, 0.0000e+00,  ..., 0.0000e+00,
           0.0000e+00, 0.0000e+00],
          ...,
          [0.0000e+00, 0.0000e+00, 0.0000e+00,  ..., 0.0000e+00,
           0.0000e+00, 0.0000e+00],
          [0.0000e+00, 0.0000e+00, 0.0000e+00,  ..., 0.0000e+00,
           0.0000e+00, 0.0000e+00],
          [3.7272e-01, 0.0000e+00, 0.0000e+00,  ..., 0.0000e+00,
           0.0000e+00, 0.0000e+00]],

         [[0.0000e+00, 0.0000e+00, 0.0000e+00,  ..., 0.0000e+00,
           0.0000e+00, 0.0000e+00],
          [0.0000e+00, 0.0000e+00, 0.0000e+00,  ..., 0.0000e+00,
           0.0000e+00, 0.0000e+00],
          [0.0000e+00, 0.0000e+00, 0.0000e+00,  ..., 0.0000e+00,
           0.0000e+00, 0.0000e+00],
          ...,
          [0.0000e+00, 0.0000e+00, 0.0000e+00,  ..., 0.0000e+00,
           0.0000e+00, 0.0000e+00],
          [0.0000e+00, 0.0000e+00, 0.0000e+00,  ..., 0.0000e+00,
           0.0000e+00, 0.0000e+00],
          [0.0000e+00, 0.0000e+00, 0.0000e+00,  ..., 0.0000e+00,
           0.0000e+00, 0.0000e+00]],

         [[0.0000e+00, 0.0000e+00, 0.0000e+00,  ..., 0.0000e+00,
           0.0000e+00, 0.0000e+00],
          [0.0000e+00, 0.0000e+00, 0.0000e+00,  ..., 0.0000e+00,
           0.0000e+00, 0.0000e+00],
          [0.0000e+00, 0.0000e+00, 0.0000e+00,  ..., 0.0000e+00,
           0.0000e+00, 0.0000e+00],
          ...,
          [0.0000e+00, 0.0000e+00, 0.0000e+00,  ..., 0.0000e+00,
           0.0000e+00, 0.0000e+00],
          [0.0000e+00, 0.0000e+00, 0.0000e+00,  ..., 0.0000e+00,
           0.0000e+00, 0.0000e+00],
          [0.0000e+00, 0.0000e+00, 0.0000e+00,  ..., 0.0000e+00,
           0.0000e+00, 0.0000e+00]],

         ...,

         [[0.0000e+00, 0.0000e+00, 0.0000e+00,  ..., 0.0000e+00,
           0.0000e+00, 0.0000e+00],
          [0.0000e+00, 0.0000e+00, 0.0000e+00,  ..., 0.0000e+00,
           0.0000e+00, 0.0000e+00],
          [0.0000e+00, 0.0000e+00, 0.0000e+00,  ..., 0.0000e+00,
           0.0000e+00, 0.0000e+00],
          ...,
          [0.0000e+00, 0.0000e+00, 6.1384e-01,  ..., 0.0000e+00,
           0.0000e+00, 0.0000e+00],
          [0.0000e+00, 0.0000e+00, 7.5223e-04,  ..., 0.0000e+00,
           0.0000e+00, 0.0000e+00],
          [6.1037e-01, 0.0000e+00, 0.0000e+00,  ..., 0.0000e+00,
           0.0000e+00, 0.0000e+00]],

         [[0.0000e+00, 0.0000e+00, 0.0000e+00,  ..., 0.0000e+00,
           0.0000e+00, 0.0000e+00],
          [0.0000e+00, 0.0000e+00, 0.0000e+00,  ..., 0.0000e+00,
           0.0000e+00, 0.0000e+00],
          [0.0000e+00, 0.0000e+00, 0.0000e+00,  ..., 0.0000e+00,
           0.0000e+00, 0.0000e+00],
          ...,
          [0.0000e+00, 0.0000e+00, 0.0000e+00,  ..., 0.0000e+00,
           0.0000e+00, 0.0000e+00],
          [0.0000e+00, 0.0000e+00, 0.0000e+00,  ..., 0.0000e+00,
           0.0000e+00, 0.0000e+00],
          [0.0000e+00, 0.0000e+00, 0.0000e+00,  ..., 0.0000e+00,
           0.0000e+00, 0.0000e+00]],

         [[0.0000e+00, 0.0000e+00, 0.0000e+00,  ..., 0.0000e+00,
           0.0000e+00, 0.0000e+00],
          [0.0000e+00, 0.0000e+00, 0.0000e+00,  ..., 0.0000e+00,
           0.0000e+00, 0.0000e+00],
          [0.0000e+00, 0.0000e+00, 0.0000e+00,  ..., 0.0000e+00,
           0.0000e+00, 0.0000e+00],
          ...,
          [0.0000e+00, 0.0000e+00, 1.3108e+00,  ..., 0.0000e+00,
           0.0000e+00, 0.0000e+00],
          [0.0000e+00, 0.0000e+00, 0.0000e+00,  ..., 0.0000e+00,
           0.0000e+00, 0.0000e+00],
          [0.0000e+00, 0.0000e+00, 0.0000e+00,  ..., 0.0000e+00,
           0.0000e+00, 0.0000e+00]]]], device='cuda:0')}
torch.Size([1, 3, 512, 512])
(512, 512, 3)
[[[ 0.01230022 -0.06760712 -0.01219892]
  [ 0.01168601 -0.00628522 -0.00932472]
  [ 0.01893581 -0.01805446  0.00349168]
  ...
  [ 0.00258689 -0.00737105 -0.02781427]
  [-0.01841714  0.00457649 -0.01627597]
  [-0.04131932  0.01550617 -0.01891445]]

 [[-0.04109288 -0.02245294 -0.01782288]
  [-0.05052286 -0.00903104  0.02689662]
  [-0.04861589  0.01560305  0.01681983]
  ...
  [-0.03933777 -0.01871773 -0.01960422]
  [-0.0944848  -0.01089169 -0.00649714]
  [-0.06872267  0.02077455  0.00393906]]

 [[-0.06032198 -0.04029902 -0.0156447 ]
  [-0.05348552  0.00897735  0.00051053]
  [-0.05011941 -0.01700356  0.02684567]
  ...
  [-0.06917199 -0.01006541 -0.03505467]
  [-0.05450134  0.00474323  0.0068648 ]
  [-0.06344147  0.00030409  0.00511474]]

 ...

 [[-0.06074234 -0.0556255  -0.00622857]
  [-0.08245321 -0.0242703   0.0047857 ]
  [-0.07947366 -0.0169032   0.03420402]
  ...
  [-0.03882992  0.00250389 -0.01382071]
  [-0.08141483  0.0258837  -0.02780672]
  [-0.0741469   0.0149065   0.00501261]]

 [[-0.08791699 -0.0431858  -0.01109334]
  [-0.09515554 -0.01517668  0.00475532]
  [-0.08971389 -0.02276564  0.02833032]
  ...
  [-0.06446087  0.00095178 -0.03704191]
  [-0.05618633 -0.00275937  0.00092568]
  [-0.05698979 -0.00312397 -0.01665835]]

 [[-0.09212396 -0.06725386 -0.00264908]
  [-0.11295184 -0.03931775  0.00797222]
  [-0.10265663 -0.03988691  0.03458384]
  ...
  [-0.07829273 -0.02823503 -0.023525  ]
  [-0.11554752 -0.00946698 -0.01051472]
  [-0.0853068  -0.0043126  -0.00432516]]]
