4000 3000
torch.Size([1, 3, 600, 800])
600 360
torch.Size([1, 3, 600, 800])
{'relu1_2': tensor([[[[0.0000, 0.0000, 0.0000,  ..., 1.6413, 1.4916, 0.7930],
          [2.9227, 1.3209, 0.7689,  ..., 1.1178, 1.1516, 0.9259],
          [2.5404, 0.4465, 0.1534,  ..., 0.0963, 0.2824, 0.6427],
          ...,
          [0.5887, 0.0000, 0.0269,  ..., 0.0000, 0.0000, 0.8241],
          [0.0000, 0.0000, 0.0000,  ..., 0.0000, 0.0000, 0.0000],
          [0.0000, 0.0000, 0.0000,  ..., 0.0000, 0.0000, 0.0000]],

         [[0.0000, 0.0000, 0.0000,  ..., 0.0000, 0.0000, 0.0000],
          [0.0000, 0.0000, 0.0000,  ..., 0.0000, 0.0000, 0.0000],
          [0.0000, 0.0000, 0.0000,  ..., 0.0000, 0.0000, 0.0000],
          ...,
          [0.0000, 0.0000, 0.0000,  ..., 0.0000, 0.0000, 0.0000],
          [0.0000, 0.0000, 0.0000,  ..., 0.0000, 0.0000, 0.0000],
          [0.0000, 0.0000, 0.0000,  ..., 0.0000, 0.0000, 0.0000]],

         [[0.0000, 0.0000, 0.0000,  ..., 0.0000, 0.0000, 0.3048],
          [0.5116, 0.0000, 0.2125,  ..., 0.0000, 0.0000, 0.0000],
          [0.1945, 0.0000, 0.2408,  ..., 0.0000, 0.0000, 0.0407],
          ...,
          [2.2586, 0.6115, 1.4265,  ..., 1.0246, 1.0591, 0.4574],
          [1.4101, 0.0000, 0.4784,  ..., 0.5061, 0.6275, 0.2886],
          [2.0630, 1.0933, 1.6286,  ..., 1.1418, 1.3517, 0.6559]],

         ...,

         [[0.0305, 0.3475, 0.4474,  ..., 3.4127, 0.0360, 0.0000],
          [0.0000, 0.0000, 0.0000,  ..., 0.0000, 0.0000, 0.0000],
          [0.0000, 0.0057, 0.1109,  ..., 0.1671, 0.0000, 0.0000],
          ...,
          [0.0000, 1.1258, 0.5531,  ..., 0.0000, 0.3175, 1.5310],
          [0.0000, 1.2789, 0.4356,  ..., 0.0000, 0.0599, 0.9977],
          [0.6440, 2.8786, 2.3552,  ..., 1.5383, 1.6458, 1.5247]],

         [[0.0000, 0.0000, 0.0000,  ..., 0.0000, 0.0000, 0.0000],
          [0.0000, 0.0000, 0.0000,  ..., 0.0000, 0.0000, 0.0000],
          [0.0000, 0.0000, 0.0000,  ..., 0.0000, 0.0000, 0.0000],
          ...,
          [0.1468, 0.1954, 0.0000,  ..., 0.0000, 0.6495, 0.7073],
          [0.0000, 0.0000, 0.0000,  ..., 0.0000, 0.0000, 0.0000],
          [0.0000, 0.0000, 0.0000,  ..., 0.0000, 0.0000, 0.0000]],

         [[0.0000, 0.0000, 0.0000,  ..., 0.0000, 0.0000, 0.0000],
          [0.7908, 0.0000, 0.1618,  ..., 0.0000, 0.0000, 0.0000],
          [0.0503, 0.0000, 0.0000,  ..., 0.0241, 0.0000, 0.0000],
          ...,
          [0.0000, 0.5391, 0.0886,  ..., 0.0885, 0.6674, 0.5462],
          [0.0000, 1.5145, 0.5775,  ..., 0.1731, 0.9957, 1.6879],
          [0.0000, 0.2444, 0.0000,  ..., 0.1963, 0.0000, 1.9091]]]],
       device='cuda:0'), 'relu2_2': tensor([[[[3.2270e-01, 0.0000e+00, 0.0000e+00,  ..., 2.3073e+00,
           0.0000e+00, 0.0000e+00],
          [1.8063e-01, 0.0000e+00, 1.5446e-01,  ..., 0.0000e+00,
           0.0000e+00, 0.0000e+00],
          [1.0816e+00, 0.0000e+00, 3.0621e-01,  ..., 1.6053e+00,
           0.0000e+00, 0.0000e+00],
          ...,
          [2.8093e+00, 1.1984e-01, 0.0000e+00,  ..., 2.9723e+00,
           3.6366e-02, 5.3601e+00],
          [1.8083e+00, 1.5508e+00, 3.5234e-01,  ..., 0.0000e+00,
           5.8141e-01, 6.0749e+00],
          [2.8381e+00, 2.2964e+00, 2.3758e+00,  ..., 0.0000e+00,
           3.4496e+00, 3.4222e+00]],

         [[0.0000e+00, 0.0000e+00, 0.0000e+00,  ..., 0.0000e+00,
           0.0000e+00, 7.5023e-01],
          [0.0000e+00, 0.0000e+00, 0.0000e+00,  ..., 0.0000e+00,
           0.0000e+00, 0.0000e+00],
          [0.0000e+00, 4.4320e-01, 0.0000e+00,  ..., 0.0000e+00,
           0.0000e+00, 0.0000e+00],
          ...,
          [2.0659e+00, 0.0000e+00, 0.0000e+00,  ..., 0.0000e+00,
           0.0000e+00, 0.0000e+00],
          [5.1009e+00, 5.7142e-01, 0.0000e+00,  ..., 0.0000e+00,
           0.0000e+00, 0.0000e+00],
          [5.6936e-01, 4.9528e+00, 1.2537e-01,  ..., 4.3569e-02,
           0.0000e+00, 0.0000e+00]],

         [[7.7257e-02, 0.0000e+00, 0.0000e+00,  ..., 0.0000e+00,
           0.0000e+00, 6.4102e-01],
          [0.0000e+00, 0.0000e+00, 0.0000e+00,  ..., 2.1217e-01,
           9.6839e-01, 2.2048e+00],
          [0.0000e+00, 0.0000e+00, 0.0000e+00,  ..., 7.8112e-01,
           7.2526e-01, 1.3147e+00],
          ...,
          [0.0000e+00, 0.0000e+00, 0.0000e+00,  ..., 0.0000e+00,
           1.0197e-01, 0.0000e+00],
          [0.0000e+00, 0.0000e+00, 0.0000e+00,  ..., 1.3683e-01,
           5.8760e-01, 0.0000e+00],
          [0.0000e+00, 0.0000e+00, 0.0000e+00,  ..., 0.0000e+00,
           0.0000e+00, 0.0000e+00]],

         ...,

         [[3.7486e-01, 1.4142e-01, 0.0000e+00,  ..., 2.0327e-03,
           0.0000e+00, 1.0991e+00],
          [1.0430e-01, 0.0000e+00, 0.0000e+00,  ..., 0.0000e+00,
           0.0000e+00, 0.0000e+00],
          [9.5963e-01, 0.0000e+00, 0.0000e+00,  ..., 0.0000e+00,
           0.0000e+00, 0.0000e+00],
          ...,
          [0.0000e+00, 0.0000e+00, 0.0000e+00,  ..., 7.1460e+00,
           5.2600e+00, 2.0534e+00],
          [0.0000e+00, 0.0000e+00, 0.0000e+00,  ..., 5.3687e+00,
           4.5286e+00, 2.7476e+00],
          [0.0000e+00, 0.0000e+00, 5.0863e-01,  ..., 3.7247e+00,
           2.8903e+00, 2.1788e+00]],

         [[3.6425e-01, 1.3498e+00, 7.6769e-01,  ..., 0.0000e+00,
           8.7949e-01, 1.5233e-01],
          [3.3124e-01, 0.0000e+00, 0.0000e+00,  ..., 0.0000e+00,
           0.0000e+00, 3.4192e-01],
          [0.0000e+00, 0.0000e+00, 1.0616e-01,  ..., 0.0000e+00,
           0.0000e+00, 0.0000e+00],
          ...,
          [2.7006e-01, 0.0000e+00, 4.1540e-01,  ..., 5.2444e-01,
           1.5594e+00, 5.6737e-01],
          [0.0000e+00, 0.0000e+00, 0.0000e+00,  ..., 0.0000e+00,
           0.0000e+00, 1.7567e-01],
          [0.0000e+00, 0.0000e+00, 0.0000e+00,  ..., 0.0000e+00,
           0.0000e+00, 0.0000e+00]],

         [[0.0000e+00, 0.0000e+00, 0.0000e+00,  ..., 0.0000e+00,
           0.0000e+00, 0.0000e+00],
          [0.0000e+00, 0.0000e+00, 0.0000e+00,  ..., 0.0000e+00,
           0.0000e+00, 0.0000e+00],
          [0.0000e+00, 0.0000e+00, 0.0000e+00,  ..., 0.0000e+00,
           0.0000e+00, 0.0000e+00],
          ...,
          [0.0000e+00, 0.0000e+00, 0.0000e+00,  ..., 0.0000e+00,
           0.0000e+00, 0.0000e+00],
          [0.0000e+00, 4.7500e-01, 0.0000e+00,  ..., 7.4017e-01,
           1.1804e+00, 0.0000e+00],
          [0.0000e+00, 6.2389e-01, 0.0000e+00,  ..., 1.0032e+00,
           2.0600e+00, 4.6987e-01]]]], device='cuda:0'), 'relu3_4': tensor([[[[ 5.7914,  3.5408,  0.0000,  ...,  0.4967,  4.1022,  1.3587],
          [ 0.0000,  0.0000,  0.0000,  ...,  0.0000,  0.1733,  0.0323],
          [ 0.0000,  0.0000,  0.0000,  ...,  0.0000,  0.6590,  1.8534],
          ...,
          [ 0.0000,  0.0000,  0.0000,  ...,  0.0000,  0.0000,  0.0000],
          [ 0.0000,  0.0000,  0.0000,  ...,  0.0000,  0.0000,  0.0000],
          [ 0.0000,  0.0000,  0.0000,  ...,  0.0000,  0.0000,  1.5870]],

         [[ 5.3957,  3.8422,  4.9378,  ...,  2.2062,  1.7237,  0.3392],
          [ 2.3173,  0.0000,  0.0000,  ...,  0.0000,  0.0000,  0.0000],
          [ 3.3324,  0.0000,  0.0000,  ...,  0.0000,  0.0000,  1.4305],
          ...,
          [ 0.0000,  0.0000,  0.0000,  ...,  0.0000,  0.0000, 12.1933],
          [ 0.0000,  0.0000,  0.0000,  ...,  0.0000,  0.0000,  1.1751],
          [ 0.0000,  0.0000,  0.0000,  ...,  0.0000,  0.0000,  0.0000]],

         [[ 6.1204,  0.7087,  1.5126,  ...,  2.6398,  0.0000,  0.0000],
          [ 0.0000,  0.0000,  0.0000,  ...,  0.0000,  0.0000,  0.0000],
          [ 0.7620,  0.0000,  0.0000,  ...,  0.0000,  0.0000,  0.0000],
          ...,
          [ 0.0000,  0.0000,  0.0000,  ...,  0.0000,  0.0000,  0.0000],
          [ 2.3459,  0.0000,  0.0000,  ...,  0.0000,  0.0000,  0.0000],
          [ 5.9099,  1.0800,  0.0000,  ...,  6.0217,  4.9249,  3.7305]],

         ...,

         [[ 3.3334,  0.0000,  0.0000,  ...,  0.0000,  0.0000,  0.0000],
          [ 2.6147,  0.0000,  0.0000,  ...,  0.0000,  0.0000,  0.0000],
          [ 0.0000,  0.0000,  0.0000,  ...,  0.0000,  0.0000,  2.2954],
          ...,
          [ 0.0000,  0.0000,  0.0000,  ...,  0.0000,  0.0000,  1.1980],
          [ 0.0000,  0.0000,  0.0000,  ...,  0.0000,  0.0000,  0.0000],
          [ 0.0000,  0.0000,  0.0000,  ...,  0.0000,  0.0000,  3.7454]],

         [[ 0.0000,  0.0000,  0.0000,  ...,  0.0000,  0.0000,  0.0000],
          [ 0.0000,  0.0000,  0.0000,  ...,  0.0000,  0.0000,  0.0000],
          [ 0.0503,  0.0823,  0.0000,  ...,  0.0000,  0.0000,  0.0000],
          ...,
          [ 4.4555,  1.3902,  0.0000,  ...,  0.0000,  0.0000,  0.0000],
          [ 1.3571,  0.0000,  0.0000,  ...,  0.0000,  0.0000,  0.0000],
          [ 8.8140, 11.9473,  5.4168,  ...,  6.6614,  0.8526,  0.0000]],

         [[ 0.0000,  0.0000,  0.0000,  ...,  0.0000,  0.0000,  0.0000],
          [ 0.0000,  0.0000,  0.0000,  ...,  0.0000,  0.0000,  0.0000],
          [ 0.0000,  0.0000,  0.0000,  ...,  0.0000,  0.0000,  0.0000],
          ...,
          [ 0.0000,  0.0000,  0.0000,  ...,  0.0000,  0.0000,  0.0000],
          [ 0.0000,  0.0000,  0.0000,  ...,  0.0000,  0.0000,  0.0000],
          [ 0.0000,  0.0000,  0.0000,  ...,  4.7620,  1.7675,  0.0000]]]],
       device='cuda:0'), 'relu4_4': tensor([[[[0.0000, 0.0000, 0.0000,  ..., 0.0000, 0.0000, 0.0000],
          [0.0000, 0.0000, 0.0000,  ..., 0.0000, 0.0000, 0.0000],
          [0.0000, 0.0000, 0.0000,  ..., 0.0000, 0.0000, 0.0000],
          ...,
          [0.0000, 0.0000, 0.0000,  ..., 0.0000, 0.0000, 0.0000],
          [0.0000, 0.0000, 0.0000,  ..., 0.0000, 0.0000, 0.0000],
          [0.0000, 0.0000, 0.0000,  ..., 0.0000, 0.0000, 0.2106]],

         [[0.0000, 0.0000, 0.0000,  ..., 0.0000, 0.0000, 0.0000],
          [0.0000, 0.0000, 0.0000,  ..., 0.0000, 0.0000, 0.0000],
          [0.0000, 0.0000, 0.0000,  ..., 0.0000, 0.0000, 0.0000],
          ...,
          [0.0000, 0.0000, 0.0000,  ..., 0.0000, 0.0000, 0.0000],
          [0.0000, 0.0000, 0.0000,  ..., 0.0000, 0.0000, 0.0000],
          [0.0000, 0.0000, 0.0000,  ..., 0.0000, 0.0000, 0.1594]],

         [[0.0000, 0.0000, 0.0000,  ..., 0.0000, 0.0000, 0.0000],
          [0.0000, 0.0000, 0.0000,  ..., 0.0000, 0.0000, 0.0000],
          [0.0000, 0.0000, 0.0000,  ..., 0.0000, 0.0000, 0.0000],
          ...,
          [0.0000, 0.0000, 0.0000,  ..., 0.0000, 0.0000, 0.0000],
          [0.0000, 0.0000, 0.0000,  ..., 0.0000, 0.0000, 0.0000],
          [1.0494, 0.0000, 0.0000,  ..., 0.0000, 0.0000, 0.0000]],

         ...,

         [[0.0000, 0.0000, 0.0000,  ..., 0.0000, 0.0000, 1.5677],
          [0.0000, 0.0000, 0.0000,  ..., 0.0000, 0.0000, 0.0000],
          [0.0000, 0.0000, 0.0000,  ..., 0.0000, 0.0000, 0.0000],
          ...,
          [0.0000, 2.0819, 5.9044,  ..., 0.0000, 0.0000, 5.2710],
          [2.5425, 5.4784, 7.7605,  ..., 0.0000, 0.0000, 0.0000],
          [0.9610, 0.0408, 0.5298,  ..., 0.0000, 0.0000, 0.0000]],

         [[0.0000, 0.0000, 0.0000,  ..., 0.0000, 0.0000, 0.0000],
          [0.0000, 0.0000, 0.0000,  ..., 0.0000, 0.0000, 0.0000],
          [0.0000, 0.0000, 0.0000,  ..., 0.0000, 0.0000, 0.0000],
          ...,
          [0.0000, 0.0000, 0.0000,  ..., 0.0000, 0.0000, 0.0000],
          [0.0000, 0.0000, 0.0000,  ..., 0.0000, 0.0000, 0.0000],
          [0.0000, 0.0000, 0.0000,  ..., 0.0000, 0.0000, 0.0000]],

         [[0.0000, 0.0000, 0.0000,  ..., 0.0000, 0.0000, 0.0000],
          [0.0000, 0.0000, 0.0000,  ..., 0.0000, 0.0000, 0.0000],
          [0.0000, 0.0000, 0.0000,  ..., 0.0000, 0.0000, 0.0000],
          ...,
          [0.0000, 0.0000, 0.0000,  ..., 0.0000, 0.0000, 0.0000],
          [0.0000, 0.0000, 0.0000,  ..., 0.0000, 0.0000, 0.0000],
          [0.0000, 0.0000, 0.0000,  ..., 0.0000, 0.0000, 0.0000]]]],
       device='cuda:0'), 'relu5_4': tensor([[[[0.0000, 0.0000, 0.0000,  ..., 0.0000, 0.0000, 0.0000],
          [0.0000, 0.0000, 0.0000,  ..., 0.0000, 0.0000, 0.0000],
          [0.0000, 0.0000, 0.0000,  ..., 0.0000, 0.0000, 0.0000],
          ...,
          [0.0000, 0.0000, 0.0000,  ..., 0.0000, 0.0000, 0.0000],
          [0.0000, 0.0000, 0.0000,  ..., 0.0000, 0.0000, 0.0000],
          [0.0000, 0.0000, 0.0000,  ..., 0.0000, 0.0000, 0.0000]],

         [[0.0000, 0.0000, 0.0000,  ..., 0.0000, 0.0000, 0.0000],
          [0.0000, 0.0000, 0.0000,  ..., 0.0000, 0.0000, 0.0000],
          [0.0000, 0.0000, 0.0000,  ..., 0.0000, 0.0000, 0.0000],
          ...,
          [0.0000, 0.0000, 0.0000,  ..., 0.0000, 0.0000, 0.0000],
          [0.0000, 0.0000, 0.0000,  ..., 0.0000, 0.0000, 0.0000],
          [0.0000, 0.0000, 0.0000,  ..., 0.0000, 0.0000, 0.0000]],

         [[0.0000, 0.0000, 0.0000,  ..., 0.0000, 0.0000, 0.0000],
          [0.0000, 0.0000, 0.0000,  ..., 0.0000, 0.0000, 0.0000],
          [0.0000, 0.0000, 0.0000,  ..., 0.0000, 0.0000, 0.0000],
          ...,
          [0.0000, 0.0000, 0.0000,  ..., 0.0000, 0.0000, 0.0000],
          [0.0000, 0.0000, 0.0000,  ..., 0.0000, 0.0000, 0.0000],
          [0.0000, 0.0000, 0.0000,  ..., 0.0000, 0.0000, 0.0000]],

         ...,

         [[0.0000, 0.0000, 0.0000,  ..., 0.0000, 0.0000, 0.0000],
          [0.0000, 0.0000, 0.0000,  ..., 0.0000, 0.0000, 0.0000],
          [0.0000, 0.0000, 0.0000,  ..., 0.0000, 0.0000, 0.0000],
          ...,
          [0.0000, 0.0000, 0.0000,  ..., 0.0000, 0.0000, 0.0000],
          [0.0000, 0.0000, 0.0000,  ..., 0.0000, 0.0000, 0.0000],
          [0.0000, 0.0000, 0.0000,  ..., 0.0000, 0.0000, 0.0000]],

         [[0.0000, 0.0000, 0.0000,  ..., 0.0000, 0.0000, 0.0000],
          [0.0000, 0.0000, 0.0000,  ..., 0.0000, 0.0000, 0.0000],
          [0.0000, 0.0000, 0.0000,  ..., 0.0000, 0.0000, 0.0000],
          ...,
          [0.0000, 0.0000, 0.0000,  ..., 0.0000, 0.0000, 0.0000],
          [0.0000, 0.0000, 0.0000,  ..., 0.0000, 0.0000, 0.0000],
          [0.0000, 0.0000, 0.0000,  ..., 0.0000, 0.0000, 0.0000]],

         [[0.0000, 0.0000, 0.0000,  ..., 0.0000, 0.0000, 0.0000],
          [0.0000, 0.0000, 0.0000,  ..., 0.0000, 0.0000, 0.0000],
          [0.0000, 0.0000, 0.0000,  ..., 0.0000, 0.0000, 0.0000],
          ...,
          [0.0000, 0.0000, 0.9495,  ..., 0.0000, 0.0000, 0.0000],
          [0.0000, 0.0000, 0.0000,  ..., 0.0000, 0.0000, 0.0000],
          [0.0000, 0.0000, 0.0000,  ..., 0.0000, 0.0000, 0.0000]]]],
       device='cuda:0')}
True
